1000
3
94
100 0 0 0 0 0 0
100 80 80 0 0 0 0
100 160 160 0 0 0 0
100 240 240 0 0 0 0
100 320 320 0 0 0 0
100 400 400 0 0 0 0
100 480 480 0 0 0 0
100 560 560 0 0 0 0
100 640 640 0 0 0 0
100 720 720 0 0 0 0
100 320 400 0 0 0 0
100 240 400 0 0 0 0
100 560 320 0 0 0 0
100 720 80 0 0 0 0
100 640 160 0 0 0 0
100 480 80 0 0 0 0
100 160 240 0 0  0 0
100 480 720 0 0 0 0
100 80 720 0 0 0 0
100 160 720 0 0 0 0
100 0 720 0 0 0 0
100 240 720 0 0 0 0
100 320 720 0 0 0 0
100 400 720 0 0 0 0
100 560 720 0 0 0 0
100 640 720 0 0 0 0
100 0 160 0 0 0 0
100 0 80 0 0 0 0
100 0 240 0 0 0 0
100 0 320 0 0 0 0
100 0 400 0 0 0 0
100 0 480 0 0 0 0
100 0 560 0  0 0 0
100 0 640 0 0 0 0
100 80 0 0 0 0 0
100 160 0 0 0 0
0
100 240 0 0 0 0 0
100 320 0 0 0 0 0
100 400 0 0 0 0 0
100 480 0 0 0 0 0
100 560 0 0 0 0 0
100 640 0 0 0 0 0
100 720 0 0 0 0 0
100 720 160 0 0 0 0
100 720 240 0 0 0 0
100 720 320 0 0 0 0
100 720 400 0 0 0 0
100 720 480 0 0 0 0
100 720 560 0 0 0 0
100 720 640 0 0 0 0
100 160 80 0 0 0 0
100 80 240 0 0 0 0
100 80 160 0 0 0 0
100 560 80 0 0 0 0
100 560 160 0 0 0 0
100 480 640 0 0 0 0
100 480 560 0 0 0 0
100 560 480 0 0 0 0
100 640 480 0 0 0 0
100 160 320 0 0 0 0
100 160 400 0 0 0 0
100 160 560 0 0 0 0
100 160 640 0 0 0 0
100 80 640 0 0 0 0
100 80 560 0 0 0 0
100 80 480 0 0 0 0
100 80 400 0 0 0 0
100 80 320 0 0 0 0
100 240 80 0 0 0 0
100 240 160 0 0 0 0
100 240 480 0 0 0 0
100 240 560 0 0 0 0
100 240 640 0 0 0 0
100 320 80 0 0 0 0
100 320 160 0 0 0 0
100 320 240 0 0 0 0
100 320 480 0 0 0 0
100 320 560 0 0 0 0
100 320 640 0 0 0 0
100 400 80 0 0 0 0
100 400 160 0 0 0 0
100 400 240 0 0 0 0
100 400 320 0 0 0 0
100 400 480 0 0 0 0
100 400 560 0 0 0 0
100 400 640 0 0 0 0
100 480 160 0 0 0 0
100 480 240 0 0 0 0
100 480 320 0 0 0 0
100 480 400 0 0 0 0
100 560 400 0 0 0 0
100 640 240 0 0 0 0
100 640 320 0 0 0 0
100 640 400 0 0 0 0
